MAE: 16.52704856279705
RMSE: 20.211977677474902
